1 2
2 3
3 5
4 7
5 23
6 29
7 31
8 37
9 53
10 59
11 71
12 73
13 79
14 233
15 239
16 293
17 311
18 313
19 317
20 373
21 379
22 593
23 599
24 719
25 733
26 739
27 797
28 2333
29 2339
30 2393
31 2399
32 2939
33 3119
34 3137
35 3733
36 3739
37 3793
38 3797
39 5939
40 7193
41 7331
42 7333
43 7393
44 23333
45 23339
46 23399
47 23993
48 29399
49 31193
50 31379
51 37337
52 37339
53 37397
54 59393
55 59399
56 71933
57 73331
58 73939
59 233993
60 239933
61 293999
62 373379
63 373393
64 593933
65 593993
66 719333
67 739391
68 739393
69 739397
70 739399
71 2339933
72 2399333
73 2939999
74 3733799
75 5939333
76 7393913
77 7393931
78 7393933
79 23399339
80 29399999
81 37337999
82 59393339
83 73939133