1 2
2 3
3 5
4 7
5 13
6 17
7 23
8 37
9 43
10 47
11 53
12 67
13 73
14 83
15 97
16 113
17 137
18 167
19 173
20 197
21 223
22 283
23 313
24 317
25 337
26 347
27 353
28 367
29 373
30 383
31 397
32 443
33 467
34 523
35 547
36 613
37 617
38 643
39 647
40 653
41 673
42 683
43 743
44 773
45 797
46 823
47 853
48 883
49 937
50 947
51 953
52 967
53 983
54 997
55 1223
56 1283
57 1367
58 1373
59 1523
60 1613
61 1823
62 1997
63 2113
64 2137
65 2347
66 2383
67 2467
68 2617
69 2647
70 2683
71 2797
72 2953
73 3137
74 3167
75 3313
76 3347
77 3373
78 3467
79 3547
80 3613
81 3617
82 3643
83 3673
84 3797
85 3823
86 3853
87 3947
88 3967
89 4283
90 4337
91 4373
92 4397
93 4523
94 4547
95 4643
96 4673
97 4937
98 4967
99 5113
100 5167
101 5197
102 5347
103 5443
104 5647
105 5653
106 5683
107 5743
108 5953
109 6113
110 6173
111 6197
112 6317
113 6337
114 6353
115 6367
116 6373
117 6397
118 6547
119 6653
120 6673
121 6823
122 6883
123 6947
124 6967
125 6983
126 6997
127 7283
128 7523
129 7547
130 7643
131 7673
132 7823
133 7853
134 7883
135 7937
136 8167
137 8317
138 8353
139 8443
140 8467
141 8647
142 9137
143 9173
144 9283
145 9337
146 9397
147 9467
148 9547
149 9613
150 9643
151 9743
152 9883
153 9967
154 12113
155 12347
156 12647
157 12953
158 13313
159 13613
160 13967
161 15443
162 15647
163 15683
164 16547
165 16673
166 16823
167 16883
168 18353
169 18443
170 21283
171 21523
172 21613
173 21997
174 23167
175 24337
176 24373
177 24547
178 24967
179 26113
180 26317
181 26947
182 27283
183 27673
184 27823
185 27883
186 29137
187 29173
188 31223
189 32467
190 32647
191 32797
192 33347
193 33547
194 33613
195 33617
196 33797
197 33967
198 34283
199 34337
200 34673
201 36353
202 36373
203 36653
204 36947
205 36997
206 37547
207 37643
208 37853
209 38167
210 38317
211 39397
212 39883
213 42467
214 42683
215 42797
216 42953
217 43313
218 43613
219 43853
220 45197
221 45953
222 46337
223 46997
224 48353
225 48647
226 49547
227 49613
228 51283
229 51613
230 53617
231 54547
232 54673
233 56113
234 56197
235 56983
236 57283
237 57853
238 59467
239 59743
240 61223
241 61283
242 61613
243 62137
244 62347
245 62383
246 62467
247 62617
248 62683
249 63313
250 63347
251 63467
252 63617
253 63823
254 63853
255 64283
256 64373
257 64937
258 65167
259 65647
260 66173
261 66337
262 66373
263 66653
264 66883
265 66947
266 67523
267 67547
268 67853
269 67883
270 68443
271 69337
272 69467
273 72383
274 72467
275 72617
276 72647
277 72797
278 72953
279 73547
280 73613
281 73643
282 73673
283 73823
284 75167
285 75347
286 75653
287 75683
288 75743
289 76367
290 76673
291 76883
292 78167
293 78317
294 78467
295 79283
296 79337
297 79397
298 79613
299 79967
300 81223
301 81283
302 81373
303 83137
304 83617
305 84523
306 84673
307 84967
308 86113
309 86197
310 86353
311 87523
312 87547
313 87643
314 87853
315 89137
316 91283
317 91367
318 91373
319 91823
320 91997
321 92347
322 92383
323 92467
324 92647
325 92683
326 93967
327 94397
328 94547
329 95443
330 96337
331 96353
332 96823
333 96997
334 97283
335 97523
336 97547
337 97673
338 97883
339 98317
340 98443
341 98467
342 99137
343 99173
344 99397
345 99643
346 121283
347 121523
348 121997
349 124337
350 126317
351 132647
352 133967
353 136373
354 139397
355 139883
356 162683
357 163853
358 181283
359 184523
360 184967
361 186113
362 187547
363 192347
364 192383
365 195443
366 196337
367 213613
368 215443
369 231223
370 233347
371 233617
372 234673
373 236653
374 236947
375 237547
376 242467
377 242797
378 243613
379 261223
380 264283
381 266947
382 267523
383 272383
384 273613
385 273643
386 275167
387 276673
388 276883
389 279337
390 279397
391 279613
392 279967
393 291367
394 291373
395 291997
396 294397
397 296353
398 297523
399 299137
400 313613
401 318443
402 326113
403 326947
404 327673
405 327823
406 332467
407 336353
408 336373
409 336653
410 336997
411 337853
412 338167
413 342467
414 343313
415 345953
416 346337
417 348353
418 356113
419 356197
420 357283
421 361223
422 362137
423 362347
424 363313
425 364373
426 364937
427 366173
428 367547
429 367853
430 367883
431 368443
432 372797
433 373613
434 373823
435 375743
436 378167
437 378317
438 378467
439 379283
440 379397
441 381223
442 381373
443 384673
444 387853
445 391283
446 391367
447 391373
448 391823
449 392347
450 392383
451 392467
452 392647
453 395443
454 396353
455 396997
456 397283
457 397547
458 397673
459 398467
460 399137
461 399173
462 399643
463 421997
464 424547
465 424967
466 427283
467 427883
468 429137
469 432797
470 433967
471 439883
472 453617
473 454547
474 454673
475 459467
476 462467
477 463313
478 463823
479 465167
480 466373
481 481373
482 492467
483 492647
484 493967
485 496997
486 498467
487 499397
488 513313
489 516673
490 516883
491 534283
492 536353
493 536947
494 537547
495 537853
496 542467
497 542683
498 542797
499 543313
500 543853
501 549547
502 563467
503 564373
504 564937
505 566173
506 566653
507 566947
508 567883
509 573673
510 576883
511 578167
512 578317
513 578467
514 579283
515 579613
516 579967
517 594397
518 597523
519 597673
520 612113
521 613967
522 616547
523 616673
524 621997
525 626113
526 626317
527 626947
528 627673
529 629137
530 631223
531 632647
532 633613
533 633797
534 633967
535 636353
536 636653
537 636947
538 636997
539 638317
540 642683
541 642797
542 642953
543 649613
544 653617
545 656113
546 659467
547 661613
548 662617
549 663823
550 663853
551 666173
552 667547
553 667883
554 672953
555 673613
556 673643
557 675347
558 675743
559 676883
560 686197
561 686353
562 687523
563 691997
564 692347
565 692467
566 692647
567 693967
568 696823
569 697523
570 697673
571 721283
572 721613
573 721997
574 723167
575 724547
576 724967
577 727673
578 727823
579 729173
580 732467
581 738317
582 739397
583 751613
584 753617
585 759467
586 763823
587 766373
588 781283
589 783137
590 786197
591 787547
592 789137
593 792383
594 792647
595 793967
596 796337
597 798443
598 812347
599 813613
600 816547
601 816883
602 818353
603 833347
604 833617
605 834283
606 837853
607 843613
608 845197
609 846997
610 848647
611 861613
612 866653
613 867547
614 869467
615 872383
616 872647
617 872953
618 873643
619 875683
620 878167
621 878467
622 879283
623 891823
624 891997
625 894547
626 896353
627 912647
628 912953
629 915683
630 918353
631 918443
632 921523
633 924337
634 924967
635 926113
636 932647
637 933613
638 933797
639 933967
640 934673
641 946997
642 951283
643 956113
644 959467
645 961283
646 961613
647 962617
648 962683
649 964283
650 964373
651 965647
652 966337
653 966373
654 966653
655 966883
656 969467
657 973547
658 973823
659 975743
660 976883
661 979283
662 979337
663 981283
664 981373
665 983617
666 986113
667 986197
668 987523
669 995443
670 997547
671 998443
672 1237547
673 1261223
674 1279337
675 1297523
676 1326947
677 1327673
678 1332467
679 1336997
680 1338167
681 1356197
682 1368443
683 1384673
684 1516883
685 1537853
686 1549547
687 1563467
688 1564373
689 1629137
690 1632647
691 1633967
692 1636997
693 1686197
694 1686353
695 1812347
696 1813613
697 1818353
698 1833347
699 1872953
700 1875683
701 1891997
702 1896353
703 1965647
704 1966337
705 1987523
706 1998443
707 2126317
708 2184967
709 2186113
710 2195443
711 2313613
712 2336353
713 2345953
714 2364937
715 2366173
716 2373823
717 2375743
718 2379283
719 2379397
720 2396353
721 2421997
722 2424547
723 2424967
724 2427883
725 2433967
726 2463313
727 2465167
728 2616673
729 2636353
730 2642797
731 2649613
732 2667883
733 2675347
734 2723167
735 2729173
736 2738317
737 2759467
738 2763823
739 2796337
740 2912953
741 2961613
742 2969467
743 2973547
744 2979337
745 3136373
746 3192347
747 3233617
748 3243613
749 3272383
750 3276883
751 3279337
752 3291367
753 3291373
754 3294397
755 3299137
756 3327673
757 3348353
758 3364937
759 3372797
760 3378317
761 3381223
762 3396353
763 3396997
764 3398467
765 3399173
766 3433967
767 3454673
768 3513313
769 3549547
770 3563467
771 3564937
772 3573673
773 3578167
774 3578467
775 3579613
776 3597673
777 3616673
778 3626113
779 3626947
780 3633797
781 3636947
782 3673613
783 3675743
784 3692347
785 3692467
786 3724967
787 3732467
788 3739397
789 3751613
790 3786197
791 3787547
792 3834283
793 3837853
794 3872647
795 3879283
796 3912647
797 3915683
798 3918353
799 3918443
800 3924337
801 3926113
802 3932647
803 3946997
804 3961283
805 3964283
806 3966883
807 3969467
808 3986113
809 3987523
810 3995443
811 3997547
812 4215443
813 4233347
814 4234673
815 4261223
816 4279337
817 4279967
818 4296353
819 4297523
820 4326947
821 4327823
822 4338167
823 4384673
824 4392383
825 4398467
826 4536947
827 4537853
828 4542467
829 4543313
830 4549547
831 4563467
832 4578467
833 4579283
834 4594397
835 4597673
836 4626113
837 4627673
838 4632647
839 4696823
840 4816883
841 4833617
842 4837853
843 4873643
844 4891823
845 4921523
846 4933967
847 4966373
848 4981373
849 4986197
850 4987523
851 5181283
852 5187547
853 5196337
854 5337853
855 5345953
856 5367853
857 5379397
858 5391367
859 5391823
860 5396353
861 5397283
862 5397673
863 5424967
864 5427283
865 5432797
866 5439883
867 5462467
868 5493967
869 5499397
870 5613967
871 5661613
872 5667547
873 5673643
874 5675347
875 5697673
876 5724967
877 5729173
878 5753617
879 5766373
880 5792383
881 5915683
882 5934673
883 5961283
884 5964373
885 5979283
886 6126317
887 6132647
888 6139883
889 6184967
890 6231223
891 6234673
892 6237547
893 6266947
894 6273643
895 6275167
896 6279397
897 6336373
898 6342467
899 6346337
900 6367547
901 6367853
902 6367883
903 6368443
904 6373613
905 6379283
906 6387853
907 6391373
908 6395443
909 6396997
910 6397283
911 6398467
912 6399137
913 6399643
914 6421997
915 6424547
916 6463823
917 6492467
918 6499397
919 6516673
920 6516883
921 6536947
922 6537547
923 6543853
924 6576883
925 6579283
926 6597673
927 6621997
928 6626947
929 6631223
930 6633967
931 6666173
932 6673613
933 6676883
934 6687523
935 6692347
936 6721283
937 6738317
938 6813613
939 6878167
940 6878467
941 6891823
942 6912953
943 6915683
944 6933967
945 6934673
946 6946997
947 6961613
948 6962617
949 6975743
950 6981283
951 6986197
952 6987523
953 7233617
954 7236947
955 7237547
956 7266947
957 7291367
958 7368443
959 7392647
960 7399643
961 7542797
962 7543853
963 7564373
964 7567883
965 7573673
966 7594397
967 7621997
968 7626947
969 7629137
970 7636997
971 7659467
972 7662617
973 7663823
974 7692647
975 7693967
976 7696823
977 7812347
978 7813613
979 7816547
980 7816883
981 7818353
982 7861613
983 7867547
984 7869467
985 7894547
986 7896353
987 7924967
988 7932647
989 7981283
990 7983617
991 7986113
992 7986197
993 7995443
994 7998443
995 8121283
996 8133967
997 8184523
998 8192383
999 8373823
1000 8391283
1001 8397283
1002 8397547
1003 8427283
1004 8432797
1005 8454673
1006 8463313
1007 8481373
1008 8493967
1009 8498467
1010 8613967
1011 8616547
1012 8666173
1013 8672953
1014 8675743
1015 8676883
1016 8721997
1017 8724967
1018 8727673
1019 8729173
1020 8739397
1021 8759467
1022 8787547
1023 8966653
1024 8979337
1025 9121523
1026 9139397
1027 9139883
1028 9162683
1029 9184523
1030 9187547
1031 9192347
1032 9243613
1033 9267523
1034 9279337
1035 9313613
1036 9318443
1037 9326113
1038 9336373
1039 9345953
1040 9356197
1041 9362137
1042 9364373
1043 9366173
1044 9391373
1045 9427883
1046 9433967
1047 9454547
1048 9516673
1049 9516883
1050 9536353
1051 9537547
1052 9542683
1053 9563467
1054 9564937
1055 9566173
1056 9576883
1057 9579967
1058 9594397
1059 9616547
1060 9633797
1061 9636947
1062 9636997
1063 9642683
1064 9662617
1065 9663853
1066 9687523
1067 9693967
1068 9729173
1069 9751613
1070 9759467
1071 9789137
1072 9812347
1073 9813613
1074 9818353
1075 9833347
1076 9833617
1077 9834283
1078 9848647
1079 9861613
1080 9866653
1081 9869467
1082 9875683
1083 9878467
1084 9879283
1085 9891823
1086 9891997
1087 9915683
1088 9918353
1089 9933613
1090 9951283
1091 9956113
1092 9961283
1093 9961613
1094 9962683
1095 9966883
1096 9973547
1097 9979283
1098 9979337
1099 9981373
1100 9986113
1101 12184967
1102 12336353
1103 12366173
1104 12375743
1105 12463313
1106 12649613
1107 12667883
1108 12723167
1109 12912953
1110 12973547
1111 13272383
1112 13276883
1113 13294397
1114 13564937
1115 13578167
1116 13692347
1117 13834283
1118 13986113
1119 15187547
1120 15367853
1121 15391823
1122 15427283
1123 15439883
1124 15462467
1125 15613967
1126 15675347
1127 15697673
1128 15729173
1129 15979283
1130 16237547
1131 16266947
1132 16275167
1133 16336373
1134 16387853
1135 16396997
1136 16398467
1137 16543853
1138 16576883
1139 18133967
1140 18675743
1141 18676883
1142 19536353
1143 19594397
1144 19693967
1145 19818353
1146 19861613
1147 19981373
1148 21384673
1149 21563467
1150 21629137
1151 21632647
1152 21833347
1153 21987523
1154 23616673
1155 23636947
1156 23751613
1157 23946997
1158 23961283
1159 23969467
1160 24384673
1161 24536947
1162 24537853
1163 24542467
1164 24543313
1165 24597673
1166 26492467
1167 26499397
1168 26673613
1169 26676883
1170 26738317
1171 26912953
1172 26934673
1173 26975743
1174 27233617
1175 27266947
1176 27291367
1177 27543853
1178 27573673
1179 27626947
1180 27662617
1181 27692647
1182 29121523
1183 29427883
1184 29633797
1185 29636947
1186 29751613
1187 29918353
1188 31549547
1189 31633967
1190 31686353
1191 31891997
1192 31998443
1193 32184967
1194 32313613
1195 32373823
1196 32421997
1197 32427883
1198 32649613
1199 32667883
1200 32723167
1201 32729173
1202 32738317
1203 32912953
1204 32961613
1205 32969467
1206 32973547
1207 33381223
1208 33396997
1209 33398467
1210 33673613
1211 33724967
1212 33739397
1213 33787547
1214 33924337
1215 34326947
1216 34338167
1217 34542467
1218 34563467
1219 34816883
1220 34891823
1221 34987523
1222 35345953
1223 35397283
1224 35424967
1225 35499397
1226 35675347
1227 35961283
1228 35979283
1229 36132647
1230 36237547
1231 36266947
1232 36275167
1233 36368443
1234 36399137
1235 36424547
1236 36516673
1237 36621997
1238 36631223
1239 36666173
1240 36673613
1241 36676883
1242 36878167
1243 36878467
1244 36891823
1245 36946997
1246 36981283
1247 37237547
1248 37291367
1249 37659467
1250 37812347
1251 37869467
1252 37932647
1253 37986197
1254 38979337
1255 39139883
1256 39192347
1257 39313613
1258 39336373
1259 39362137
1260 39563467
1261 39566173
1262 39616547
1263 39663853
1264 39693967
1265 39879283
1266 39918353
1267 39962683
1268 39979283
1269 39979337
1270 39986113
1271 42186113
1272 42313613
1273 42366173
1274 42375743
1275 42427883
1276 42433967
1277 42642797
1278 42738317
1279 42961613
1280 43279337
1281 43294397
1282 43381223
1283 43837853
1284 43995443
1285 45396353
1286 45439883
1287 45661613
1288 45934673
1289 45961283
1290 46275167
1291 46387853
1292 46398467
1293 46579283
1294 46626947
1295 46986197
1296 48184523
1297 48676883
1298 48729173
1299 48966653
1300 49243613
1301 49516673
1302 49536353
1303 49537547
1304 49636997
1305 49866653
1306 49879283
1307 49951283
1308 49962683
1309 49986113
1310 51332467
1311 51336997
1312 51338167
1313 51356197
1314 51686197
1315 51813613
1316 51875683
1317 51966337
1318 53364937
1319 53433967
1320 53724967
1321 53732467
1322 53912647
1323 53918443
1324 53961283
1325 54215443
1326 54398467
1327 54632647
1328 54981373
1329 56373613
1330 56379283
1331 56492467
1332 56499397
1333 56666173
1334 56721283
1335 56912953
1336 56934673
1337 56961613
1338 57266947
1339 57573673
1340 57621997
1341 57692647
1342 57816883
1343 57981283
1344 59184523
1345 59192347
1346 59318443
1347 59364373
1348 59366173
1349 59454547
1350 59642683
1351 61368443
1352 61516883
1353 61629137
1354 61636997
1355 61812347
1356 61813613
1357 61818353
1358 61833347
1359 61965647
1360 61966337
1361 62195443
1362 62313613
1363 62336353
1364 62366173
1365 62759467
1366 62796337
1367 63243613
1368 63327673
1369 63348353
1370 63364937
1371 63381223
1372 63396353
1373 63396997
1374 63399173
1375 63616673
1376 63692347
1377 63751613
1378 63786197
1379 63787547
1380 63918353
1381 63932647
1382 63966883
1383 63969467
1384 63987523
1385 63995443
1386 64234673
1387 64326947
1388 64338167
1389 64579283
1390 64632647
1391 64696823
1392 64966373
1393 64986197
1394 64987523
1395 65181283
1396 65187547
1397 65345953
1398 65499397
1399 65915683
1400 66139883
1401 66234673
1402 66237547
1403 66279397
1404 66346337
1405 66367853
1406 66373613
1407 66379283
1408 66391373
1409 66421997
1410 66516673
1411 66631223
1412 66673613
1413 66692347
1414 66813613
1415 66962617
1416 67236947
1417 67368443
1418 67573673
1419 67629137
1420 67659467
1421 67812347
1422 67816883
1423 67869467
1424 67986197
1425 67995443
1426 68427283
1427 68613967
1428 68666173
1429 68672953
1430 68675743
1431 68724967
1432 68729173
1433 68787547
1434 69121523
1435 69279337
1436 69326113
1437 69391373
1438 69516883
1439 69537547
1440 69563467
1441 69566173
1442 69633797
1443 69687523
1444 69729173
1445 69833347
1446 69915683
1447 69918353
1448 69956113
1449 69986113
1450 72126317
1451 72184967
1452 72313613
1453 72345953
1454 72636353
1455 72642797
1456 72649613
1457 72969467
1458 73233617
1459 73276883
1460 73398467
1461 73549547
1462 73564937
1463 73597673
1464 73626947
1465 73834283
1466 73837853
1467 73879283
1468 73924337
1469 73932647
1470 75181283
1471 75187547
1472 75667547
1473 75673643
1474 75766373
1475 75964373
1476 75979283
1477 76273643
1478 76336373
1479 76399643
1480 76516673
1481 76537547
1482 76543853
1483 76576883
1484 76621997
1485 76891823
1486 76986197
1487 78184523
1488 78397283
1489 78432797
1490 78481373
1491 78672953
1492 78966653
1493 78979337
1494 79516673
1495 79833617
1496 79875683
1497 79878467
1498 79951283
1499 79956113
1500 79962683
1501 79986113
1502 81332467
1503 81537853
1504 81549547
1505 81629137
1506 81833347
1507 81965647
1508 83396353
1509 83433967
1510 83724967
1511 83787547
1512 83918353
1513 83969467
1514 84261223
1515 84384673
1516 84542467
1517 84563467
1518 84873643
1519 84921523
1520 84966373
1521 86132647
1522 86342467
1523 86373613
1524 86391373
1525 86463823
1526 86499397
1527 86738317
1528 86912953
1529 86946997
1530 86975743
1531 87626947
1532 87693967
1533 87896353
1534 87983617
1535 87995443
1536 89121523
1537 89192347
1538 89318443
1539 89616547
1540 89973547
1541 91516883
1542 91564373
1543 91891997
1544 91998443
1545 92186113
1546 92195443
1547 92366173
1548 92379283
1549 92427883
1550 92463313
1551 92465167
1552 92763823
1553 92796337
1554 92961613
1555 92973547
1556 93192347
1557 93299137
1558 93364937
1559 93378317
1560 93564937
1561 93578167
1562 93616673
1563 93626947
1564 93732467
1565 93834283
1566 93879283
1567 93946997
1568 94297523
1569 94384673
1570 94392383
1571 94536947
1572 94578467
1573 94594397
1574 94981373
1575 95391367
1576 95391823
1577 95462467
1578 95675347
1579 95729173
1580 95766373
1581 95792383
1582 95979283
1583 96273643
1584 96346337
1585 96387853
1586 96396997
1587 96399137
1588 96399643
1589 96463823
1590 96597673
1591 96692347
1592 96878167
1593 96915683
1594 96962617
1595 97236947
1596 97291367
1597 97594397
1598 97816547
1599 97861613
1600 97983617
1601 97998443
1602 98427283
1603 98672953
1604 98675743
1605 98676883
1606 98739397
1607 98966653
1608 99187547
1609 99267523
1610 99336373
1611 99356197
1612 99454547
1613 99537547
1614 99633797
1615 99636997
1616 99759467
1617 99818353
1618 99951283
1619 99961613
1620 99962683
1621 99979337
1622 124536947
1623 126934673
1624 127692647
1625 132649613
1626 132723167
1627 132738317
1628 133381223
1629 133924337
1630 135345953
1631 135424967
1632 136266947
1633 136368443
1634 136981283
1635 154981373
1636 156492467
1637 157573673
1638 162195443
1639 162366173
1640 163327673
1641 163381223
1642 163932647
1643 163995443
1644 166516673
1645 166813613
1646 166962617
1647 169516883
1648 169833347
1649 169956113
1650 181332467
1651 181833347
1652 181965647
1653 184873643
1654 184966373
1655 186342467
1656 189121523
1657 193626947
1658 195462467
1659 196273643
1660 196692347
1661 198672953
1662 198739397
1663 212336353
1664 212667883
1665 212973547
1666 213272383
1667 215367853
1668 215391823
1669 215697673
1670 218133967
1671 219536353
1672 219861613
1673 231633967
1674 234542467
1675 236424547
1676 236676883
1677 237237547
1678 237291367
1679 237986197
1680 239192347
1681 242313613
1682 242738317
1683 243381223
1684 245661613
1685 246275167
1686 249951283
1687 261813613
1688 263348353
1689 263616673
1690 263786197
1691 263969467
1692 264326947
1693 264579283
1694 264987523
1695 266139883
1696 266673613
1697 267816883
1698 267986197
1699 267995443
1700 269391373
1701 269633797
1702 269915683
1703 273233617
1704 276516673
1705 276543853
1706 276621997
1707 276986197
1708 278184523
1709 278397283
1710 279516673
1711 293946997
1712 294536947
1713 294981373
1714 296463823
1715 297983617
1716 299633797
1717 312375743
1718 312973547
1719 315187547
1720 315367853
1721 315391823
1722 315427283
1723 315462467
1724 315729173
1725 316266947
1726 316336373
1727 316543853
1728 319693967
1729 319981373
1730 323636947
1731 323961283
1732 324542467
1733 329633797
1734 331686353
1735 331891997
1736 332961613
1737 333396997
1738 333924337
1739 335979283
1740 336516673
1741 336666173
1742 337237547
1743 337659467
1744 339313613
1745 339566173
1746 339616547
1747 339693967
1748 339986113
1749 342738317
1750 342961613
1751 346986197
1752 351813613
1753 351875683
1754 351966337
1755 353433967
1756 354215443
1757 354632647
1758 356666173
1759 359184523
1760 359454547
1761 361629137
1762 361966337
1763 363243613
1764 363399173
1765 363692347
1766 364579283
1767 364696823
1768 364966373
1769 364986197
1770 365187547
1771 366379283
1772 366421997
1773 367573673
1774 367986197
1775 368666173
1776 372126317
1777 373597673
1778 373626947
1779 373837853
1780 373924337
1781 375979283
1782 376399643
1783 378184523
1784 378432797
1785 379962683
1786 383396353
1787 386373613
1788 386391373
1789 386946997
1790 389973547
1791 391564373
1792 392465167
1793 393192347
1794 393834283
1795 394594397
1796 395462467
1797 396273643
1798 396396997
1799 396597673
1800 398675743
1801 398966653
1802 399636997
1803 399759467
1804 399951283
1805 421384673
1806 423751613
1807 423946997
1808 424597673
1809 426738317
1810 427233617
1811 427573673
1812 427662617
1813 432729173
1814 433398467
1815 435397283
1816 435675347
1817 439663853
1818 451332467
1819 451336997
1820 451686197
1821 451813613
1822 451966337
1823 453732467
1824 454398467
1825 456492467
1826 456721283
1827 457266947
1828 457816883
1829 457981283
1830 459642683
1831 462796337
1832 466237547
1833 468675743
1834 468787547
1835 469279337
1836 469326113
1837 469687523
1838 469833347
1839 469986113
1840 481537853
1841 484384673
1842 484921523
1843 486912953
1844 489318443
1845 492186113
1846 492195443
1847 492961613
1848 493564937
1849 493578167
1850 495729173
1851 495979283
1852 496962617
1853 499537547
1854 499636997
1855 513986113
1856 515697673
1857 515729173
1858 516275167
1859 516387853
1860 518676883
1861 534542467
1862 536132647
1863 536676883
1864 539139883
1865 539192347
1866 542642797
1867 543279337
1868 546275167
1869 546579283
1870 549879283
1871 561813613
1872 563399173
1873 564234673
1874 564326947
1875 564696823
1876 564987523
1877 566367853
1878 567629137
1879 569633797
1880 572184967
1881 572313613
1882 573837853
1883 576336373
1884 576537547
1885 576986197
1886 578481373
1887 578672953
1888 578966653
1889 578979337
1890 591998443
1891 593732467
1892 594536947
1893 597594397
1894 612649613
1895 612667883
1896 612973547
1897 613276883
1898 613564937
1899 613578167
1900 613692347
1901 615462467
1902 615697673
1903 616237547
1904 616266947
1905 616396997
1906 616543853
1907 619594397
1908 621987523
1909 623616673
1910 623946997
1911 624536947
1912 624537853
1913 626492467
1914 626499397
1915 627266947
1916 627291367
1917 627543853
1918 627626947
1919 629636947
1920 629751613
1921 629918353
1922 631686353
1923 632373823
1924 632667883
1925 632912953
1926 632961613
1927 633396997
1928 634338167
1929 635424967
1930 635675347
1931 635961283
1932 636631223
1933 636676883
1934 636878467
1935 636946997
1936 637237547
1937 637659467
1938 637812347
1939 639192347
1940 639918353
1941 642186113
1942 645661613
1943 646387853
1944 649951283
1945 651332467
1946 651356197
1947 651686197
1948 653912647
1949 653918443
1950 653961283
1951 656492467
1952 656666173
1953 656721283
1954 656912953
1955 656934673
1956 657816883
1957 661966337
1958 663786197
1959 663995443
1960 664326947
1961 664986197
1962 666391373
1963 666421997
1964 666673613
1965 667812347
1966 668427283
1967 669326113
1968 669729173
1969 669915683
1970 672649613
1971 673834283
1972 676399643
1973 676986197
1974 679833617
1975 686342467
1976 686463823
1977 687693967
1978 689121523
1979 691516883
1980 692961613
1981 693192347
1982 693299137
1983 695729173
1984 695979283
1985 696399643
1986 697594397
1987 697861613
1988 697983617
1989 697998443
1990 698427283
1991 699336373
1992 699537547
1993 699979337
1994 724597673
1995 726738317
1996 729427883
1997 732313613
1998 732738317
1999 735961283
2000 736275167
2001 736621997
2002 736878167
2003 739962683
2004 751338167
2005 751813613
2006 756373613
2007 756499397
2008 756721283
2009 757692647
2010 757981283
2011 759192347
2012 759364373
2013 762195443
2014 763327673
2015 768672953
2016 768729173
2017 769326113
2018 769566173
2019 769833347
2020 769956113
2021 781332467
2022 781549547
2023 783724967
2024 784384673
2025 784563467
2026 786373613
2027 787626947
2028 787983617
2029 789192347
2030 789616547
2031 793578167
2032 793879283
2033 795462467
2034 799537547
2035 799636997
2036 813276883
2037 816387853
2038 816398467
2039 816543853
2040 831549547
2041 831891997
2042 833787547
2043 834816883
2044 836673613
2045 837237547
2046 837659467
2047 837932647
2048 839918353
2049 839979337
2050 842433967
2051 842642797
2052 845439883
2053 845961283
2054 848966653
2055 849243613
2056 861966337
2057 863751613
2058 863786197
2059 864234673
2060 867368443
2061 867629137
2062 867659467
2063 867812347
2064 869121523
2065 869633797
2066 869729173
2067 872345953
2068 872969467
2069 873398467
2070 875667547
2071 876516673
2072 876537547
2073 876986197
2074 893192347
2075 893946997
2076 894392383
2077 894594397
2078 897816547
2079 897998443
2080 899633797
2081 899759467
2082 912366173
2083 912375743
2084 913294397
2085 913564937
2086 915613967
2087 916237547
2088 916396997
2089 916398467
2090 916576883
2091 918133967
2092 919594397
2093 919693967
2094 919981373
2095 923946997
2096 926673613
2097 929636947
2098 933673613
2099 933739397
2100 933924337
2101 934542467
2102 934563467
2103 935397283
2104 935675347
2105 936275167
2106 936516673
2107 936666173
2108 936676883
2109 939336373
2110 939616547
2111 942313613
2112 946275167
2113 946986197
2114 948966653
2115 949636997
2116 949879283
2117 949962683
2118 951813613
2119 956379283
2120 956934673
2121 959192347
2122 959454547
2123 961516883
2124 961813613
2125 961818353
2126 961965647
2127 962366173
2128 963396997
2129 963932647
2130 963969467
2131 964579283
2132 966139883
2133 966692347
2134 967368443
2135 968666173
2136 972969467
2137 973233617
2138 973276883
2139 973398467
2140 973549547
2141 973564937
2142 973837853
2143 973924337
2144 975181283
2145 975667547
2146 978397283
2147 979951283
2148 979956113
2149 979986113
2150 983724967
2151 984563467
2152 984966373
2153 986132647
2154 987983617
2155 991998443
2156 993946997
2157 994297523
2158 995391367
2159 995391823
2160 995729173
2161 996399137
2162 998966653
2163 999267523
2164 999636997
2165 999818353
2166 999962683
2167 1219861613
2168 1231633967
2169 1266139883
2170 1273233617
2171 1296463823
2172 1324542467
2173 1329633797
2174 1336516673
2175 1339693967
2176 1354632647
2177 1363243613
2178 1365187547
2179 1383396353
2180 1393834283
2181 1398675743
2182 1399951283
2183 1518676883
2184 1539139883
2185 1543279337
2186 1546275167
2187 1564326947
2188 1564696823
2189 1566367853
2190 1593732467
2191 1632373823
2192 1656666173
2193 1656912953
2194 1668427283
2195 1687693967
2196 1695729173
2197 1816543853
2198 1834816883
2199 1848966653
2200 1867368443
2201 1867659467
2202 1876986197
2203 1926673613
2204 1935675347
2205 1951813613
2206 1962366173
2207 1968666173
2208 1995391367
2209 2136981283
2210 2181833347
2211 2184966373
2212 2331891997
2213 2342738317
2214 2346986197
2215 2366421997
2216 2373924337
2217 2427233617
2218 2427662617
2219 2466237547
2220 2469326113
2221 2493578167
2222 2496962617
2223 2613564937
2224 2636631223
2225 2636946997
2226 2637659467
2227 2637812347
2228 2661966337
2229 2666391373
2230 2669915683
2231 2672649613
2232 2673834283
2233 2679833617
2234 2693192347
2235 2732313613
2236 2736621997
2237 2757981283
2238 2759364373
2239 2763327673
2240 2769326113
2241 2781332467
2242 2912366173
2243 2919693967
2244 2961965647
2245 2973924337
2246 2975181283
2247 2975667547
2248 2979951283
2249 2979956113
2250 3127692647
2251 3135345953
2252 3154981373
2253 3162366173
2254 3169833347
2255 3169956113
2256 3181332467
2257 3195462467
2258 3212336353
2259 3213272383
2260 3243381223
2261 3263616673
2262 3267995443
2263 3269915683
2264 3312375743
2265 3315391823
2266 3319693967
2267 3331686353
2268 3333924337
2269 3336666173
2270 3339313613
2271 3339616547
2272 3339693967
2273 3342738317
2274 3351966337
2275 3359454547
2276 3363243613
2277 3363399173
2278 3364696823
2279 3366421997
2280 3367986197
2281 3389973547
2282 3395462467
2283 3398675743
2284 3435397283
2285 3451813613
2286 3456721283
2287 3457816883
2288 3457981283
2289 3469279337
2290 3469687523
2291 3469833347
2292 3492961613
2293 3493564937
2294 3499636997
2295 3536676883
2296 3546275167
2297 3567629137
2298 3594536947
2299 3613578167
2300 3615462467
2301 3619594397
2302 3632961613
2303 3635675347
2304 3635961283
2305 3637237547
2306 3642186113
2307 3646387853
2308 3651356197
2309 3663786197
2310 3686342467
2311 3699537547
2312 3736621997
2313 3757692647
2314 3759364373
2315 3768672953
2316 3769566173
2317 3837659467
2318 3837932647
2319 3839979337
2320 3849243613
2321 3869633797
2322 3876537547
2323 3894594397
2324 3897816547
2325 3899633797
2326 3899759467
2327 3915613967
2328 3923946997
2329 3929636947
2330 3933673613
2331 3934563467
2332 3949962683
2333 3962366173
2334 3963932647
2335 3966139883
2336 3966692347
2337 3967368443
2338 3973276883
2339 3994297523
2340 3996399137
2341 3999267523
2342 4212336353
2343 4234542467
2344 4242313613
2345 4242738317
2346 4263969467
2347 4264579283
2348 4266139883
2349 4267986197
2350 4273233617
2351 4297983617
2352 4333396997
2353 4336516673
2354 4368666173
2355 4386946997
2356 4389973547
2357 4392465167
2358 4396396997
2359 4516387853
2360 4546579283
2361 4564326947
2362 4627266947
2363 4632667883
2364 4656666173
2365 4656721283
2366 4695729173
2367 4699336373
2368 4813276883
2369 4833787547
2370 4837237547
2371 4837932647
2372 4867812347
2373 4936275167
2374 4939336373
2375 4956379283
2376 4968666173
2377 4984966373
2378 4986132647
2379 4999636997
2380 5133381223
2381 5162366173
2382 5315729173
2383 5337237547
2384 5372126317
2385 5376399643
2386 5378184523
2387 5393192347
2388 5394594397
2389 5427573673
2390 5432729173
2391 5451813613
2392 5469326113
2393 5484384673
2394 5612973547
2395 5613276883
2396 5613564937
2397 5613578167
2398 5615697673
2399 5616543853
2400 5636631223
2401 5636676883
2402 5663786197
2403 5666391373
2404 5693192347
2405 5697983617
2406 5736878167
2407 5756373613
2408 5759192347
2409 5762195443
2410 5769833347
2411 5769956113
2412 5786373613
2413 5918133967
2414 5936676883
2415 5939616547
2416 5942313613
2417 5963969467
2418 5973924337
2419 5975181283
2420 5978397283
2421 5993946997
2422 6124536947
2423 6127692647
2424 6132649613
2425 6132738317
2426 6136266947
2427 6184966373
2428 6186342467
2429 6212336353
2430 6215391823
2431 6237237547
2432 6263348353
2433 6264987523
2434 6294536947
2435 6294981373
2436 6315462467
2437 6316336373
2438 6324542467
2439 6333396997
2440 6336516673
2441 6363692347
2442 6367986197
2443 6372126317
2444 6373837853
2445 6386391373
2446 6391564373
2447 6399759467
2448 6426738317
2449 6433398467
2450 6435675347
2451 6451332467
2452 6451966337
2453 6457266947
2454 6484921523
2455 6495729173
2456 6496962617
2457 6513986113
2458 6515729173
2459 6546275167
2460 6561813613
2461 6567629137
2462 6572313613
2463 6597594397
2464 6613692347
2465 6616266947
2466 6616543853
2467 6623616673
2468 6627291367
2469 6631686353
2470 6632667883
2471 6633396997
2472 6636946997
2473 6645661613
2474 6649951283
2475 6656666173
2476 6673834283
2477 6676399643
2478 6699537547
2479 6699979337
2480 6763327673
2481 6799636997
2482 6842642797
2483 6849243613
2484 6863786197
2485 6864234673
2486 6869729173
2487 6876986197
2488 6893192347
2489 6912366173
2490 6913294397
2491 6915613967
2492 6918133967
2493 6919594397
2494 6933673613
2495 6933924337
2496 6934542467
2497 6936275167
2498 6936516673
2499 6936666173
2500 6946986197
2501 6949879283
2502 6973837853
2503 6973924337
2504 6993946997
2505 6994297523
2506 7212336353
2507 7213272383
2508 7215367853
2509 7219861613
2510 7237237547
2511 7249951283
2512 7336516673
2513 7396597673
2514 7398675743
2515 7399951283
2516 7542642797
2517 7546579283
2518 7561813613
2519 7564234673
2520 7564326947
2521 7564696823
2522 7572313613
2523 7578481373
2524 7578979337
2525 7591998443
2526 7594536947
2527 7623946997
2528 7627266947
2529 7627543853
2530 7627626947
2531 7632373823
2532 7632961613
2533 7635675347
2534 7653918443
2535 7686463823
2536 7689121523
2537 7692961613
2538 7693299137
2539 7695979283
2540 7699336373
2541 7816387853
2542 7839918353
2543 7863786197
2544 7864234673
2545 7933924337
2546 7935675347
2547 7939336373
2548 7984563467
2549 7986132647
2550 7995391367
2551 7999962683
2552 8127692647
2553 8186342467
2554 8196692347
2555 8198739397
2556 8315187547
2557 8315427283
2558 8315729173
2559 8342738317
2560 8361629137
2561 8367986197
2562 8391564373
2563 8393192347
2564 8427573673
2565 8453732467
2566 8462796337
2567 8484384673
2568 8492961613
2569 8499636997
2570 8612649613
2571 8613276883
2572 8616237547
2573 8616266947
2574 8636676883
2575 8637237547
2576 8639192347
2577 8666391373
2578 8732738317
2579 8739962683
2580 8756499397
2581 8757981283
2582 8759192347
2583 8759364373
2584 8768672953
2585 8768729173
2586 8769326113
2587 8769566173
2588 8769956113
2589 8783724967
2590 8786373613
2591 8789616547
2592 8913564937
2593 8934563467
2594 8939616547
2595 8942313613
2596 8949962683
2597 8979951283
2598 8991998443
2599 9127692647
2600 9135345953
2601 9136266947
2602 9156492467
2603 9157573673
2604 9166516673
2605 9193626947
2606 9198739397
2607 9215367853
2608 9231633967
2609 9245661613
2610 9267986197
2611 9276543853
2612 9293946997
2613 9315462467
2614 9316543853
2615 9333924337
2616 9337659467
2617 9339986113
2618 9346986197
2619 9351813613
2620 9353433967
2621 9354632647
2622 9363243613
2623 9367573673
2624 9372126317
2625 9383396353
2626 9391564373
2627 9395462467
2628 9398966653
2629 9399636997
2630 9424597673
2631 9427233617
2632 9439663853
2633 9456492467
2634 9459642683
2635 9468787547
2636 9481537853
2637 9492961613
2638 9496962617
2639 9515697673
2640 9539192347
2641 9546579283
2642 9573837853
2643 9576537547
2644 9613564937
2645 9627626947
2646 9629751613
2647 9631686353
2648 9634338167
2649 9656934673
2650 9666391373
2651 9666421997
2652 9693192347
2653 9693299137
2654 9695979283
2655 9726738317
2656 9751338167
2657 9751813613
2658 9756721283
2659 9757692647
2660 9769326113
2661 9769956113
2662 9793578167
2663 9793879283
2664 9799636997
2665 9816387853
2666 9831891997
2667 9839979337
2668 9863786197
2669 9864234673
2670 9867659467
2671 9875667547
2672 9876537547
2673 9912366173
2674 9919981373
2675 9926673613
2676 9946275167
2677 9946986197
2678 9948966653
2679 9956379283
2680 9978397283
2681 9984563467
2682 9984966373
2683 9987983617
2684 12181833347
2685 12331891997
2686 12366421997
2687 12373924337
2688 12666391373
2689 12763327673
2690 12781332467
2691 13269915683
2692 13333924337
2693 13398675743
2694 13536676883
2695 13651356197
2696 13699537547
2697 13876537547
2698 15162366173
2699 15432729173
2700 15451813613
2701 15469326113
2702 15636631223
2703 15756373613
2704 15759192347
2705 15769833347
2706 15786373613
2707 15939616547
2708 15942313613
2709 15978397283
2710 16333396997
2711 16567629137
2712 16842642797
2713 16849243613
2714 16876986197
2715 18196692347
2716 18315187547
2717 18361629137
2718 18427573673
2719 18616237547
2720 18616266947
2721 18639192347
2722 18732738317
2723 18768729173
2724 18913564937
2725 19245661613
2726 19395462467
2727 19573837853
2728 19956379283
2729 21219861613
2730 21273233617
2731 21339693967
2732 21656666173
2733 21867368443
2734 23319693967
2735 23363399173
2736 23366421997
2737 23457816883
2738 23469833347
2739 23499636997
2740 23769566173
2741 23967368443
2742 24389973547
2743 24627266947
2744 24656666173
2745 24984966373
2746 26316336373
2747 26451966337
2748 26457266947
2749 26496962617
2750 26616266947
2751 26645661613
2752 26649951283
2753 26936666173
2754 26946986197
2755 26973837853
2756 27215367853
2757 27561813613
2758 27591998443
2759 27594536947
2760 27632961613
2761 27653918443
2762 27692961613
2763 27699336373
2764 29156492467
2765 29193626947
2766 29315462467
2767 29337659467
2768 29346986197
2769 29367573673
2770 29439663853
2771 29492961613
2772 29666421997
2773 29946986197
2774 29978397283
2775 31273233617
2776 31816543853
2777 31834816883
2778 32373924337
2779 32736621997
2780 32759364373
2781 32919693967
2782 33312375743
2783 33339616547
2784 33398675743
2785 33457816883
2786 33642186113
2787 33837659467
2788 33837932647
2789 33839979337
2790 33869633797
2791 33899633797
2792 33923946997
2793 34267986197
2794 34389973547
2795 34392465167
2796 34656666173
2797 34936275167
2798 35427573673
2799 35613276883
2800 35613564937
2801 35666391373
2802 35756373613
2803 35759192347
2804 35786373613
2805 35918133967
2806 35936676883
2807 36212336353
2808 36399759467
2809 36451966337
2810 36484921523
2811 36546275167
2812 36656666173
2813 36912366173
2814 36934542467
2815 36973837853
2816 37237237547
2817 37336516673
2818 37689121523
2819 37816387853
2820 37839918353
2821 37864234673
2822 37984563467
2823 38367986197
2824 38427573673
2825 38453732467
2826 38612649613
2827 38613276883
2828 38949962683
2829 39136266947
2830 39166516673
2831 39193626947
2832 39198739397
2833 39293946997
2834 39481537853
2835 39539192347
2836 39546579283
2837 39576537547
2838 39627626947
2839 39629751613
2840 39695979283
2841 39867659467
2842 42331891997
2843 42427662617
2844 42961965647
2845 42973924337
2846 42979956113
2847 43567629137
2848 43963932647
2849 43966692347
2850 45162366173
2851 45451813613
2852 45613578167
2853 45663786197
2854 45975181283
2855 46263348353
2856 46264987523
2857 46567629137
2858 46597594397
2859 46869729173
2860 46876986197
2861 46893192347
2862 46936275167
2863 48198739397
2864 48315729173
2865 48361629137
2866 48391564373
2867 48616237547
2868 48616266947
2869 48639192347
2870 48739962683
2871 48759364373
2872 48768729173
2873 48769566173
2874 48934563467
2875 48939616547
2876 49546579283
2877 49839979337
2878 49956379283
2879 51365187547
2880 51546275167
2881 51656912953
2882 51926673613
2883 51968666173
2884 51995391367
2885 53169833347
2886 53181332467
2887 53319693967
2888 53339313613
2889 53367986197
2890 53493564937
2891 53613578167
2892 53973276883
2893 54264579283
2894 54273233617
2895 54813276883
2896 54837932647
2897 54867812347
2898 54999636997
2899 56435675347
2900 56457266947
2901 56645661613
2902 56649951283
2903 56799636997
2904 56915613967
2905 56946986197
2906 56973837853
2907 57564326947
2908 57564696823
2909 57627266947
2910 57984563467
2911 59346986197
2912 59367573673
2913 59613564937
2914 61339693967
2915 61656912953
2916 61687693967
2917 61867659467
2918 62427662617
2919 62637659467
2920 62979951283
2921 63195462467
2922 63389973547
2923 63435397283
2924 63451813613
2925 63635675347
2926 63699537547
2927 63876537547
2928 63894594397
2929 63966139883
2930 63966692347
2931 64242313613
2932 64273233617
2933 64386946997
2934 64392465167
2935 64546579283
2936 64564326947
2937 64695729173
2938 64968666173
2939 65337237547
2940 65378184523
2941 65484384673
2942 65613578167
2943 65759192347
2944 65769956113
2945 65978397283
2946 66127692647
2947 66132738317
2948 66294536947
2949 66294981373
2950 66426738317
2951 66435675347
2952 66451966337
2953 66546275167
2954 66649951283
2955 66656666173
2956 66864234673
2957 66994297523
2958 67623946997
2959 67627626947
2960 67695979283
2961 67863786197
2962 68186342467
2963 68636676883
2964 68768729173
2965 68769326113
2966 68786373613
2967 68939616547
2968 68991998443
2969 69245661613
2970 69267986197
2971 69316543853
2972 69395462467
2973 69424597673
2974 69456492467
2975 69459642683
2976 69627626947
2977 69666391373
2978 69751813613
2979 69757692647
2980 69816387853
2981 69863786197
2982 72427233617
2983 72493578167
2984 72672649613
2985 72912366173
2986 72961965647
2987 72975667547
2988 72979956113
2989 73267995443
2990 73546275167
2991 73635961283
2992 73651356197
2993 73837932647
2994 73839979337
2995 73849243613
2996 73876537547
2997 73897816547
2998 73999267523
2999 75133381223
3000 75315729173
3001 75613276883
3002 75636631223
3003 75666391373
3004 75973924337
3005 76363692347
3006 76546275167
3007 76572313613
3008 76633396997
3009 76936275167
3010 78127692647
3011 78769956113
3012 78783724967
3013 78949962683
3014 79383396353
3015 79398966653
3016 79515697673
3017 79546579283
3018 79573837853
3019 79695979283
3020 79839979337
3021 79984563467
3022 81329633797
3023 81656666173
3024 81834816883
3025 83169956113
3026 83315391823
3027 83319693967
3028 83366421997
3029 83457981283
3030 83492961613
3031 83642186113
3032 83934563467
3033 84212336353
3034 84266139883
3035 84297983617
3036 84516387853
3037 86132738317
3038 86316336373
3039 86367986197
3040 86391564373
3041 86451332467
3042 86636946997
3043 86933673613
3044 86993946997
3045 87398675743
3046 87399951283
3047 87564234673
3048 87578481373
3049 87591998443
3050 87623946997
3051 87816387853
3052 87864234673
3053 89468787547
3054 89666421997
3055 89769326113
3056 89769956113
3057 89946986197
3058 91219861613
3059 91273233617
3060 91339693967
3061 91518676883
3062 91546275167
3063 91566367853
3064 91687693967
3065 91848966653
3066 91867659467
3067 91876986197
3068 91962366173
3069 92181833347
3070 92342738317
3071 92373924337
3072 92466237547
3073 92732313613
3074 92769326113
3075 93162366173
3076 93243381223
3077 93263616673
3078 93331686353
3079 93342738317
3080 93364696823
3081 93398675743
3082 93493564937
3083 93546275167
3084 93973276883
3085 94837932647
3086 94936275167
3087 94956379283
3088 94968666173
3089 95133381223
3090 95393192347
3091 95613276883
3092 95613578167
3093 95616543853
3094 95693192347
3095 95939616547
3096 95978397283
3097 96215391823
3098 96316336373
3099 96513986113
3100 96561813613
3101 96597594397
3102 96613692347
3103 96636946997
3104 96676399643
3105 96863786197
3106 96864234673
3107 96918133967
3108 96936516673
3109 96973924337
3110 96993946997
3111 96994297523
3112 97564326947
3113 97699336373
3114 97863786197
3115 98612649613
3116 98756499397
3117 99127692647
3118 99276543853
3119 99333924337
3120 99354632647
3121 99367573673
3122 99383396353
3123 99439663853
3124 99492961613
3125 99631686353
3126 99656934673
3127 99693299137
3128 99757692647
3129 99793578167
3130 99919981373
3131 99978397283
3132 121339693967
3133 123967368443
3134 124627266947
3135 127653918443
3136 129156492467
3137 129315462467
3138 133837659467
3139 133899633797
3140 151968666173
3141 153339313613
3142 154837932647
3143 154867812347
3144 154999636997
3145 159613564937
3146 163894594397
3147 165378184523
3148 165613578167
3149 166656666173
3150 183319693967
3151 186132738317
3152 195613276883
3153 195693192347
3154 195978397283
3155 199354632647
3156 213536676883
3157 213876537547
3158 215769833347
3159 215786373613
3160 216567629137
3161 218196692347
3162 231816543853
3163 239481537853
3164 242961965647
3165 245663786197
3166 246893192347
3167 263966139883
3168 264242313613
3169 264564326947
3170 266127692647
3171 266649951283
3172 266994297523
3173 267627626947
3174 272493578167
3175 272979956113
3176 273876537547
3177 275133381223
3178 275315729173
3179 279515697673
3180 291219861613
3181 291566367853
3182 291962366173
3183 294968666173
3184 296636946997
3185 297564326947
3186 297863786197
3187 299631686353
3188 315432729173
3189 316333396997
3190 316842642797
3191 316876986197
3192 318361629137
3193 319245661613
3194 319573837853
3195 321867368443
3196 323469833347
3197 323769566173
3198 326316336373
3199 327561813613
3200 329337659467
3201 329492961613
3202 329978397283
3203 333312375743
3204 333839979337
3205 335756373613
3206 335759192347
3207 335786373613
3208 336451966337
3209 337984563467
3210 339481537853
3211 339695979283
3212 342331891997
3213 343963932647
3214 345451813613
3215 345975181283
3216 348198739397
3217 348361629137
3218 348391564373
3219 348616237547
3220 348939616547
3221 351995391367
3222 354867812347
3223 356645661613
3224 356973837853
3225 357564326947
3226 359346986197
3227 361867659467
3228 363894594397
3229 366127692647
3230 366294981373
3231 367623946997
3232 367863786197
3233 368636676883
3234 372912366173
3235 373849243613
3236 373876537547
3237 378769956113
3238 379546579283
3239 383642186113
3240 384266139883
3241 384297983617
3242 387816387853
3243 387864234673
3244 391876986197
3245 392342738317
3246 392466237547
3247 393546275167
3248 395616543853
3249 396936516673
3250 397699336373
3251 399333924337
3252 421273233617
3253 421656666173
3254 421867368443
3255 426451966337
3256 427653918443
3257 429346986197
3258 435759192347
3259 435936676883
3260 438427573673
3261 439867659467
3262 451365187547
3263 454264579283
3264 454999636997
3265 456435675347
3266 456645661613
3267 457984563467
3268 463876537547
3269 469627626947
3270 481329633797
3271 483492961613
3272 483934563467
3273 484266139883
3274 487864234673
3275 489666421997
3276 493398675743
3277 495616543853
3278 496936516673
3279 512331891997
3280 513398675743
3281 513876537547
3282 518427573673
3283 518616237547
3284 518616266947
3285 518768729173
3286 518913564937
3287 531834816883
3288 533457816883
3289 536484921523
3290 536912366173
3291 537839918353
3292 539166516673
3293 539198739397
3294 542961965647
3295 545162366173
3296 545663786197
3297 549956379283
3298 564386946997
3299 575315729173
3300 576363692347
3301 576572313613
3302 578949962683
3303 579383396353
3304 579839979337
3305 599757692647
3306 613269915683
3307 615162366173
3308 615636631223
3309 616333396997
3310 621339693967
3311 626645661613
3312 626936666173
3313 627215367853
3314 629346986197
3315 629492961613
3316 629666421997
3317 631834816883
3318 632759364373
3319 635918133967
3320 636399759467
3321 636934542467
3322 637689121523
3323 637816387853
3324 638949962683
3325 639576537547
3326 639627626947
3327 645663786197
3328 648934563467
3329 651656912953
3330 651995391367
3331 653319693967
3332 654999636997
3333 656973837853
3334 659346986197
3335 659613564937
3336 663435397283
3337 664392465167
3338 665759192347
3339 665978397283
3340 666656666173
3341 667695979283
3342 669751813613
3343 672493578167
3344 672961965647
3345 673546275167
3346 673651356197
3347 673876537547
3348 679695979283
3349 684297983617
3350 684516387853
3351 687564234673
3352 689468787547
3353 691219861613
3354 692342738317
3355 692373924337
3356 693162366173
3357 693263616673
3358 695133381223
3359 696864234673
3360 696994297523
3361 699276543853
3362 699492961613
3363 699919981373
3364 721273233617
3365 723769566173
3366 726451966337
3367 727591998443
3368 727653918443
3369 729337659467
3370 732759364373
3371 733869633797
3372 733923946997
3373 735666391373
3374 735756373613
3375 738613276883
3376 739293946997
3377 739539192347
3378 739629751613
3379 753319693967
3380 754837932647
3381 759346986197
3382 762427662617
3383 763389973547
3384 765484384673
3385 765759192347
3386 766294536947
3387 766656666173
3388 766864234673
3389 768769326113
3390 769267986197
3391 781834816883
3392 783457981283
3393 784212336353
3394 786316336373
3395 787623946997
3396 793398675743
3397 793546275167
3398 795939616547
3399 799354632647
3400 815451813613
3401 818196692347
3402 819573837853
3403 819956379283
3404 831273233617
3405 833457816883
3406 834392465167
3407 837237237547
3408 837839918353
3409 837864234673
3410 837984563467
3411 839198739397
3412 842979956113
3413 843567629137
3414 845613578167
3415 848616266947
3416 848768729173
3417 848769566173
3418 872493578167
3419 872979956113
3420 873635961283
3421 876546275167
3422 878783724967
3423 891876986197
3424 891962366173
3425 899127692647
3426 912366421997
3427 912373924337
3428 913398675743
3429 913651356197
3430 913699537547
3431 916842642797
3432 918361629137
3433 918427573673
3434 919956379283
3435 921219861613
3436 921656666173
3437 923769566173
3438 924389973547
3439 927215367853
3440 929946986197
3441 931273233617
3442 933839979337
3443 933869633797
3444 935613276883
3445 936484921523
3446 937816387853
3447 938367986197
3448 945162366173
3449 945451813613
3450 946893192347
3451 953319693967
3452 953613578167
3453 954837932647
3454 956645661613
3455 956946986197
3456 957984563467
3457 964968666173
3458 965978397283
3459 966426738317
3460 967623946997
3461 968636676883
3462 969245661613
3463 969395462467
3464 969816387853
3465 972493578167
3466 973897816547
3467 976546275167
3468 981834816883
3469 983315391823
3470 983366421997
3471 986316336373
3472 986391564373
3473 986451332467
3474 987816387853
3475 991687693967
3476 992181833347
3477 992466237547
3478 993243381223
3479 993398675743
3480 993546275167
3481 995393192347
3482 995616543853
3483 996676399643
3484 997564326947
3485 999631686353
3486 1213536676883
3487 1213876537547
3488 1218196692347
3489 1242961965647
3490 1291566367853
3491 1333839979337
3492 1335759192347
3493 1357564326947
3494 1518768729173
3495 1533457816883
3496 1639627626947
3497 1651656912953
3498 1665759192347
3499 1692373924337
3500 1837839918353
3501 1848768729173
3502 1872493578167
3503 1899127692647
3504 1924389973547
3505 1956645661613
3506 1983366421997
3507 1986391564373
3508 1995393192347
3509 2153339313613
3510 2163894594397
3511 2183319693967
3512 2195693192347
3513 2199354632647
3514 2316333396997
3515 2345975181283
3516 2456435675347
3517 2487864234673
3518 2496936516673
3519 2637816387853
3520 2663435397283
3521 2673876537547
3522 2739293946997
3523 2739539192347
3524 2759346986197
3525 2793546275167
3526 2799354632647
3527 2918427573673
3528 2936484921523
3529 2967623946997
3530 2996676399643
3531 3129156492467
3532 3129315462467
3533 3195613276883
3534 3231816543853
3535 3242961965647
3536 3264242313613
3537 3275315729173
3538 3316333396997
3539 3316876986197
3540 3326316336373
3541 3339481537853
3542 3339695979283
3543 3356973837853
3544 3357564326947
3545 3359346986197
3546 3367863786197
3547 3387816387853
3548 3395616543853
3549 3421656666173
3550 3427653918443
3551 3518913564937
3552 3531834816883
3553 3533457816883
3554 3536912366173
3555 3579383396353
3556 3615162366173
3557 3621339693967
3558 3636934542467
3559 3639576537547
3560 3689468787547
3561 3692342738317
3562 3693263616673
3563 3695133381223
3564 3696864234673
3565 3723769566173
3566 3733923946997
3567 3766656666173
3568 3766864234673
3569 3783457981283
3570 3842979956113
3571 3912373924337
3572 3913699537547
3573 3921219861613
3574 3931273233617
3575 3933869633797
3576 3956946986197
3577 3976546275167
3578 3983366421997
3579 3986391564373
3580 3986451332467
3581 3991687693967
3582 3995393192347
3583 4231816543853
3584 4245663786197
3585 4266127692647
3586 4279515697673
3587 4294968666173
3588 4297863786197
3589 4321867368443
3590 4327561813613
3591 4335786373613
3592 4518913564937
3593 4533457816883
3594 4654999636997
3595 4656973837853
3596 4818196692347
3597 4891876986197
3598 4933839979337
3599 4954837932647
3600 4992181833347
3601 5165378184523
3602 5345451813613
3603 5366127692647
3604 5421273233617
3605 5426451966337
3606 5456435675347
3607 5463876537547
3608 5483492961613
3609 5487864234673
3610 5613269915683
3611 5616333396997
3612 5664392465167
3613 5669751813613
3614 5672961965647
3615 5727653918443
3616 5966426738317
3617 6129156492467
3618 6154837932647
3619 6154867812347
3620 6195693192347
3621 6195978397283
3622 6215769833347
3623 6215786373613
3624 6216567629137
3625 6218196692347
3626 6327561813613
3627 6335786373613
3628 6339481537853
3629 6348391564373
3630 6354867812347
3631 6373849243613
3632 6387864234673
3633 6392342738317
3634 6454999636997
3635 6483934563467
3636 6495616543853
3637 6518427573673
3638 6518913564937
3639 6549956379283
3640 6579839979337
3641 6637689121523
3642 6645663786197
3643 6739293946997
3644 6787623946997
3645 6793398675743
3646 6795939616547
3647 6819956379283
3648 6833457816883
3649 6848769566173
3650 6916842642797
3651 6919956379283
3652 6921656666173
3653 6931273233617
3654 6938367986197
3655 6965978397283
3656 6969245661613
3657 6969395462467
3658 6986451332467
3659 6992181833347
3660 7213536676883
3661 7216567629137
3662 7239481537853
3663 7266994297523
3664 7267627626947
3665 7329492961613
3666 7333839979337
3667 7335786373613
3668 7392342738317
3669 7392466237547
3670 7513876537547
3671 7518616237547
3672 7545162366173
3673 7549956379283
3674 7575315729173
3675 7576572313613
3676 7629346986197
3677 7629492961613
3678 7639576537547
3679 7653319693967
3680 7656973837853
3681 7684516387853
3682 7696864234673
3683 7699276543853
3684 7815451813613
3685 7837984563467
3686 7845613578167
3687 7872979956113
3688 7924389973547
3689 7935613276883
3690 7953613578167
3691 7957984563467
3692 7968636676883
3693 7969245661613
3694 7969395462467
3695 7986391564373
3696 8154867812347
3697 8195978397283
3698 8319245661613
3699 8372912366173
3700 8421867368443
3701 8427653918443
3702 8454264579283
3703 8463876537547
3704 8645663786197
3705 8664392465167
3706 8673651356197
3707 8691219861613
3708 8739293946997
3709 8762427662617
3710 8765759192347
3711 8766294536947
3712 8786316336373
3713 8799354632647
3714 8912366421997
3715 8996676399643
3716 9121339693967
3717 9123967368443
3718 9291219861613
3719 9319245661613
3720 9319573837853
3721 9326316336373
3722 9333839979337
3723 9335756373613
3724 9348391564373
3725 9348616237547
3726 9356645661613
3727 9361867659467
3728 9373849243613
3729 9373876537547
3730 9384266139883
3731 9387864234673
3732 9456645661613
3733 9463876537547
3734 9518616266947
3735 9575315729173
3736 9576572313613
3737 9579839979337
3738 9626645661613
3739 9629346986197
3740 9667695979283
3741 9669751813613
3742 9684516387853
3743 9732759364373
3744 9733923946997
3745 9753319693967
3746 9765484384673
3747 9769267986197
3748 9781834816883
3749 9793398675743
3750 9793546275167
3751 9872979956113
3752 9899127692647
3753 9923769566173
3754 9933869633797
3755 9945451813613
3756 9954837932647
3757 9964968666173
3758 9967623946997
3759 9993243381223
3760 9995616543853
3761 9997564326947
3762 12673876537547
3763 12967623946997
3764 13231816543853
3765 13264242313613
3766 13986451332467
3767 15345451813613
3768 15366127692647
3769 15421273233617
3770 15483492961613
3771 15727653918443
3772 16215786373613
3773 16327561813613
3774 16518427573673
3775 16579839979337
3776 16833457816883
3777 16986451332467
3778 18195978397283
3779 18372912366173
3780 18799354632647
3781 19384266139883
3782 19954837932647
3783 21837839918353
3784 21848768729173
3785 21986391564373
3786 23129156492467
3787 23129315462467
3788 23766656666173
3789 23931273233617
3790 24279515697673
3791 24294968666173
3792 24321867368443
3793 24933839979337
3794 26483934563467
3795 26916842642797
3796 26931273233617
3797 27329492961613
3798 27696864234673
3799 27969245661613
3800 29121339693967
3801 29319245661613
3802 29348616237547
3803 29456645661613
3804 29765484384673
3805 29769267986197
3806 29781834816883
3807 31357564326947
3808 31899127692647
3809 32195693192347
3810 32799354632647
3811 33231816543853
3812 33264242313613
3813 33367863786197
3814 33427653918443
3815 33696864234673
3816 33956946986197
3817 34231816543853
3818 34245663786197
3819 34327561813613
3820 35613269915683
3821 35616333396997
3822 36129156492467
3823 36335786373613
3824 36454999636997
3825 36848769566173
3826 36938367986197
3827 37266994297523
3828 37267627626947
3829 37392466237547
3830 37513876537547
3831 37518616237547
3832 38463876537547
3833 38912366421997
3834 39121339693967
3835 39348616237547
3836 39387864234673
3837 39793546275167
3838 39933869633797
3839 39967623946997
3840 42496936516673
3841 42739539192347
3842 42759346986197
3843 42918427573673
3844 43639576537547
3845 46215769833347
3846 46216567629137
3847 46833457816883
3848 46938367986197
3849 48372912366173
3850 48463876537547
3851 48664392465167
3852 48739293946997
3853 48765759192347
3854 49335756373613
3855 49872979956113
3856 49995616543853
3857 51518768729173
3858 53129315462467
3859 56129156492467
3860 56787623946997
3861 57213536676883
3862 57267627626947
3863 57333839979337
3864 57845613578167
3865 57935613276883
3866 57969395462467
3867 59456645661613
3868 59669751813613
3869 61639627626947
3870 62183319693967
3871 62316333396997
3872 62799354632647
3873 63339695979283
3874 63359346986197
3875 63427653918443
3876 63692342738317
3877 63986391564373
3878 65165378184523
3879 65345451813613
3880 65366127692647
3881 65463876537547
3882 65487864234673
3883 65672961965647
3884 66129156492467
3885 66335786373613
3886 66354867812347
3887 66518913564937
3888 66793398675743
3889 67239481537853
3890 67392342738317
3891 67684516387853
3892 67872979956113
3893 67969245661613
3894 68645663786197
3895 68664392465167
3896 68673651356197
3897 68691219861613
3898 68739293946997
3899 69291219861613
3900 69326316336373
3901 69348616237547
3902 69667695979283
3903 69684516387853
3904 69733923946997
3905 69872979956113
3906 69997564326947
3907 72637816387853
3908 72793546275167
3909 73275315729173
3910 73357564326947
3911 73518913564937
3912 73533457816883
3913 73842979956113
3914 73933869633797
3915 75463876537547
3916 75727653918443
3917 76518913564937
3918 78154867812347
3919 78195978397283
3920 78372912366173
3921 78463876537547
3922 78739293946997
3923 78786316336373
3924 79333839979337
3925 79384266139883
3926 79576572313613
3927 81651656912953
3928 81872493578167
3929 83129156492467
3930 83339481537853
3931 84294968666173
3932 84321867368443
3933 84335786373613
3934 84992181833347
3935 86154867812347
3936 86195693192347
3937 86195978397283
3938 87837984563467
3939 89463876537547
3940 89669751813613
3941 89964968666173
3942 89967623946997
3943 91335759192347
3944 91639627626947
3945 91837839918353
3946 91983366421997
3947 92153339313613
3948 92163894594397
3949 92195693192347
3950 92316333396997
3951 92739293946997
3952 92793546275167
3953 92996676399643
3954 93357564326947
3955 93639576537547
3956 93956946986197
3957 94231816543853
3958 95483492961613
3959 95669751813613
3960 96154867812347
3961 96645663786197
3962 96986451332467
3963 96992181833347
3964 97545162366173
3965 97653319693967
3966 97656973837853
3967 97935613276883
3968 98766294536947
3969 98799354632647
3970 99335756373613
3971 99463876537547
3972 99518616266947
3973 99769267986197
3974 121848768729173
3975 129456645661613
3976 132195693192347
3977 136335786373613
3978 136938367986197
3979 151518768729173
3980 156129156492467
3981 162799354632647
3982 165487864234673
3983 165672961965647
3984 168664392465167
3985 189463876537547
3986 212673876537547
3987 216579839979337
3988 218799354632647
3989 231357564326947
3990 237267627626947
3991 239793546275167
3992 242759346986197
3993 243639576537547
3994 246215769833347
3995 249872979956113
3996 261639627626947
3997 275463876537547
3998 275727653918443
3999 297935613276883
4000 313231816543853
4001 315421273233617
4002 323129315462467
4003 327969245661613
4004 329121339693967
4005 332195693192347
4006 334245663786197
4007 349872979956113
4008 366354867812347
4009 378372912366173
4010 394231816543853
4011 396986451332467
4012 396992181833347
4013 399335756373613
4014 421837839918353
4015 429121339693967
4016 435616333396997
4017 439387864234673
4018 468645663786197
4019 469326316336373
4020 481651656912953
4021 489463876537547
4022 493956946986197
4023 516215786373613
4024 516579839979337
4025 533427653918443
4026 539967623946997
4027 546215769833347
4028 546216567629137
4029 546833457816883
4030 563427653918443
4031 573275315729173
4032 573357564326947
4033 578739293946997
4034 579333839979337
4035 596154867812347
4036 615345451813613
4037 616986451332467
4038 631899127692647
4039 633231816543853
4040 633264242313613
4041 635613269915683
4042 636335786373613
4043 637267627626947
4044 637392466237547
4045 637513876537547
4046 639933869633797
4047 646216567629137
4048 663359346986197
4049 665366127692647
4050 667684516387853
4051 669684516387853
4052 678739293946997
4053 681872493578167
4054 696154867812347
4055 696645663786197
4056 699335756373613
4057 699769267986197
4058 724294968666173
4059 724933839979337
4060 726483934563467
4061 726931273233617
4062 735613269915683
4063 739387864234673
4064 763986391564373
4065 768673651356197
4066 768691219861613
4067 784335786373613
4068 798799354632647
4069 812967623946997
4070 816327561813613
4071 818372912366173
4072 837266994297523
4073 891639627626947
4074 912673876537547
4075 916579839979337
4076 923766656666173
4077 933427653918443
4078 934231816543853
4079 937513876537547
4080 939348616237547
4081 946938367986197
4082 957213536676883
4083 957969395462467
4084 962316333396997
4085 963986391564373
4086 969872979956113
4087 978195978397283
4088 997653319693967
4089 998799354632647
4090 999769267986197
4091 1275463876537547
4092 1399335756373613
4093 1546215769833347
4094 1563427653918443
4095 1635613269915683
4096 2136938367986197
4097 2315421273233617
4098 2429121339693967
4099 2646216567629137
4100 2696154867812347
4101 3315421273233617
4102 3329121339693967
4103 3332195693192347
4104 3394231816543853
4105 3546216567629137
4106 3573357564326947
4107 3726931273233617
4108 3923766656666173
4109 3997653319693967
4110 3999769267986197
4111 4249872979956113
4112 4275463876537547
4113 4546833457816883
4114 4669684516387853
4115 4681872493578167
4116 4699335756373613
4117 4818372912366173
4118 4957213536676883
4119 4957969395462467
4120 4963986391564373
4121 4969872979956113
4122 5136938367986197
4123 5313231816543853
4124 5678739293946997
4125 5934231816543853
4126 5946938367986197
4127 6121848768729173
4128 6132195693192347
4129 6243639576537547
4130 6315421273233617
4131 6334245663786197
4132 6435616333396997
4133 6573357564326947
4134 6633264242313613
4135 6726483934563467
4136 6798799354632647
4137 6812967623946997
4138 6923766656666173
4139 6933427653918443
4140 7216579839979337
4141 7539967623946997
4142 7573357564326947
4143 7579333839979337
4144 7663359346986197
4145 7669684516387853
4146 8162799354632647
4147 8165672961965647
4148 8439387864234673
4149 8493956946986197
4150 8615345451813613
4151 8637267627626947
4152 8997653319693967
4153 9242759346986197
4154 9546833457816883
4155 9573357564326947
4156 9615345451813613
4157 9735613269915683
4158 9763986391564373
4159 9768673651356197
4160 9912673876537547
4161 9946938367986197
4162 9957969395462467
4163 12429121339693967
4164 12646216567629137
4165 13573357564326947
4166 18165672961965647
4167 18997653319693967
4168 21546215769833347
4169 24275463876537547
4170 24963986391564373
4171 27669684516387853
4172 34249872979956113
4173 36334245663786197
4174 38997653319693967
4175 39763986391564373
4176 39768673651356197
4177 42429121339693967
4178 51275463876537547
4179 53315421273233617
4180 56132195693192347
4181 56726483934563467
4182 63315421273233617
4183 63394231816543853
4184 63546216567629137
4185 65678739293946997
4186 66315421273233617
4187 66812967623946997
4188 68637267627626947
4189 72136938367986197
4190 75136938367986197
4191 76812967623946997
4192 78162799354632647
4193 78493956946986197
4194 78615345451813613
4195 84275463876537547
4196 84957213536676883
4197 86315421273233617
4198 86798799354632647
4199 92429121339693967
4200 94669684516387853
4201 96334245663786197
4202 97579333839979337
4203 98615345451813613
4204 99957969395462467
4205 165678739293946997
4206 198615345451813613
4207 276812967623946997
4208 312646216567629137
4209 351275463876537547
4210 396334245663786197
4211 397579333839979337
4212 484957213536676883
4213 596334245663786197
4214 624275463876537547
4215 624963986391564373
4216 639763986391564373
4217 663546216567629137
4218 675136938367986197
4219 678493956946986197
4220 686315421273233617
4221 686798799354632647
4222 878493956946986197
4223 918997653319693967
4224 921546215769833347
4225 963315421273233617
4226 984957213536676883
4227 986315421273233617
4228 992429121339693967
4229 1276812967623946997
4230 3396334245663786197
4231 3484957213536676883
4232 4686798799354632647
4233 5396334245663786197
4234 6165678739293946997
4235 6276812967623946997
4236 6312646216567629137
4237 6484957213536676883
4238 6918997653319693967
4239 7986315421273233617
4240 8918997653319693967
4241 8963315421273233617
4242 15396334245663786197
4243 18918997653319693967
4244 36484957213536676883
4245 66276812967623946997
4246 67986315421273233617
4247 86312646216567629137
4248 315396334245663786197
4249 367986315421273233617
4250 666276812967623946997
4251 686312646216567629137
4252 918918997653319693967
4253 5918918997653319693967
4254 6686312646216567629137
4255 7686312646216567629137
4256 9918918997653319693967
4257 57686312646216567629137
4258 95918918997653319693967
4259 96686312646216567629137
4260 357686312646216567629137